--- HEX DUMP: scripts/arena_defs/01_karelia.xml ---
Size: 2153 bytes

0000   45 4E A1 62 00 61 72 65 6E 61 50 65 72 69 6F 64    EN.b.arenaPeriod
0010   00 61 73 73 61 75 6C 74 00 62 61 6E 6B 00 62 61    .assault.bank.ba
0020   74 63 68 69 6E 67 45 6E 61 62 6C 65 64 00 62 6F    tchingEnabled.bo
0030   74 74 6F 6D 4C 65 66 74 00 62 6F 75 6E 64 69 6E    ttomLeft.boundin
0040   67 42 6F 78 00 63 6F 6E 74 72 6F 6C 50 6F 69 6E    gBox.controlPoin
0050   74 00 63 74 66 00 64 65 73 63 72 69 70 74 69 6F    t.ctf.descriptio
0060   6E 00 64 6F 6D 69 6E 61 74 69 6F 6E 00 65 73 74    n.domination.est
0070   69 6D 61 74 65 64 4C 6F 61 64 00 66 72 65 71 58    imatedLoad.freqX
0080   00 66 72 65 71 5A 00 67 61 6D 65 70 6C 61 79 54    .freqZ.gameplayT
0090   79 70 65 73 00 67 65 6F 6D 65 74 72 79 00 69 6E    ypes.geometry.in
00A0   74 65 72 76 61 6C 00 6C 61 79 65 72 00 6C 61 79    terval.layer.lay
00B0   65 72 49 64 00 6C 61 79 65 72 54 79 70 65 00 6C    erId.layerType.l
00C0   6F 61 64 42 61 6E 6B 73 00 6D 61 70 41 63 74 69    oadBanks.mapActi
00D0   76 69 74 69 65 73 00 6D 61 70 73 5F 74 72 61 69    vities.maps_trai
00E0   6E 69 6E 67 00 6D 61 78 50 6C 61 79 65 72 73 49    ning.maxPlayersI
00F0   6E 54 65 61 6D 00 6D 69 6E 69 6D 61 70 00 6D 69    nTeam.minimap.mi
0100   6E 69 6D 61 70 4C 61 79 65 72 73 00 6E 61 6D 65    nimapLayers.name
0110   00 70 61 74 68 00 70 6F 73 69 74 69 6F 6E 00 70    .path.position.p
0120   6F 73 69 74 69 6F 6E 31 00 70 6F 73 73 69 62 69    osition1.possibi
0130   6C 69 74 79 00 70 72 65 73 65 74 00 72 6F 75 6E    lity.preset.roun
0140   64 4C 65 6E 67 74 68 00 73 6F 75 6E 64 52 65 6D    dLength.soundRem
0150   61 70 70 69 6E 67 00 73 74 61 72 74 54 69 6D 65    apping.startTime
0160   00 74 65 61 6D 31 00 74 65 61 6D 32 00 74 65 61    .team1.team2.tea
0170   6D 42 61 73 65 50 6F 73 69 74 69 6F 6E 73 00 74    mBasePositions.t
0180   65 61 6D 53 70 61 77 6E 50 6F 69 6E 74 73 00 74    eamSpawnPoints.t
0190   65 78 53 63 61 6C 65 00 75 6D 62 72 61 45 6E 61    exScale.umbraEna
01A0   62 6C 65 64 00 75 70 70 65 72 52 69 67 68 74 00    bled.upperRight.
01B0   76 65 68 69 63 6C 65 43 61 6D 6F 75 66 6C 61 67    vehicleCamouflag
01C0   65 4B 69 6E 64 00 77 61 72 70 6C 61 6E 65 00 77    eKind.warplane.w
01D0   61 74 65 72 00 77 69 6E 6E 65 72 49 66 54 69 6D    ater.winnerIfTim
01E0   65 6F 75 74 00 77 77 61 6D 62 69 65 6E 74 53 6F    eout.wwambientSo
01F0   75 6E 64 00 77 77 6D 75 73 69 63 45 6E 64 62 61    und.wwmusicEndba
0200   74 74 6C 65 53 74 6F 70 00 77 77 6D 75 73 69 63    ttleStop.wwmusic
0210   49 6E 74 65 6E 73 69 76 65 00 77 77 6D 75 73 69    Intensive.wwmusi
0220   63 4C 6F 61 64 69 6E 67 00 77 77 6D 75 73 69 63    cLoading.wwmusic
0230   52 65 6C 61 78 65 64 00 77 77 6D 75 73 69 63 52    Relaxed.wwmusicR
0240   65 73 75 6C 74 44 65 66 65 61 74 00 77 77 6D 75    esultDefeat.wwmu
0250   73 69 63 52 65 73 75 6C 74 44 72 61 77 6E 00 77    sicResultDrawn.w
0260   77 6D 75 73 69 63 52 65 73 75 6C 74 57 69 6E 00    wmusicResultWin.
0270   77 77 6D 75 73 69 63 53 65 74 75 70 00 77 77 6D    wwmusicSetup.wwm
0280   75 73 69 63 53 74 6F 70 00 79 61 77 00 00 12 00    usicStop.yaw....
0290   00 00 00 10 19 00 17 00 00 10 08 00 35 00 00 10    ............5...
02A0   0A 00 39 00 00 10 0E 00 4A 00 00 10 05 00 74 00    ..9.....J.....t.
02B0   00 00 1F 00 76 00 00 20 17 00 90 00 00 10 18 00    ....v.. ........
02C0   53 01 00 00 29 00 59 01 00 10 16 00 5A 01 00 20    S...).Y.....Z.. 
02D0   35 00 57 02 00 00 2D 00 6D 02 00 10 20 00 F5 02    5.W...-.m... ...
02E0   00 00 27 00 F6 02 00 20 03 00 F6 02 00 20 2B 00    ..'.... ..... +.
02F0   0E 03 00 00 0D 00 8D 04 00 00 14 00 69 05 00 00    ............i...
0300   23 61 72 65 6E 61 73 3A 30 31 5F 6B 61 72 65 6C    #arenas:01_karel
0310   69 61 2F 6E 61 6D 65 23 61 72 65 6E 61 73 3A 30    ia/name#arenas:0
0320   31 5F 6B 61 72 65 6C 69 61 2F 64 65 73 63 72 69    1_karelia/descri
0330   70 74 69 6F 6E 30 2E 35 35 73 70 61 63 65 73 2F    ption0.55spaces/
0340   30 31 5F 6B 61 72 65 6C 69 61 02 00 00 00 00 10    01_karelia......
0350   04 00 0D 00 00 10 28 00 18 00 00 10 2D 35 30 30    ......(.....-500
0360   2E 30 20 2D 35 30 30 2E 30 35 30 30 2E 30 20 35    .0 -500.0500.0 5
0370   30 30 2E 30 84 03 73 70 61 63 65 73 2F 30 31 5F    00.0..spaces/01_
0380   6B 61 72 65 6C 69 61 2F 6D 6D 61 70 2E 64 64 73    karelia/mmap.dds
0390   02 00 00 00 00 10 10 00 5B 00 00 00 10 00 B1 00    ........[.......
03A0   00 00 03 00 00 00 00 10 11 00 06 00 00 10 12 00    ................
03B0   09 00 00 50 1A 00 43 00 00 10 6C 61 79 65 72 31    ...P..C...layer1
03C0   6D AB 1E 73 70 61 63 65 73 2F 30 31 5F 6B 61 72    m..spaces/01_kar
03D0   65 6C 69 61 2F 6D 6D 61 70 5F 30 31 5F 62 75 6E    elia/mmap_01_bun
03E0   6B 65 72 5F 64 65 73 74 72 75 63 74 69 6F 6E 5F    ker_destruction_
03F0   64 65 73 74 72 6F 79 65 64 2E 64 64 73 03 00 00    destroyed.dds...
0400   00 00 10 11 00 06 00 00 10 12 00 09 00 00 50 1A    ..............P.
0410   00 3E 00 00 10 6C 61 79 65 72 32 6D AB 1E 73 70    .>...layer2m..sp
0420   61 63 65 73 2F 30 31 5F 6B 61 72 65 6C 69 61 2F    aces/01_karelia/
0430   6D 6D 61 70 5F 30 31 5F 62 75 6E 6B 65 72 5F 64    mmap_01_bunker_d
0440   65 73 74 72 75 63 74 69 6F 6E 5F 7A 6F 6E 65 2E    estruction_zone.
0450   64 64 73 73 75 6D 6D 65 72 0F 08 00 00 00 00 10    ddssummer.......
0460   30 00 1C 00 00 10 2F 00 38 00 00 10 31 00 52 00    0...../.8...1.R.
0470   00 10 36 00 61 00 00 10 2E 00 7A 00 00 10 34 00    ..6.a.....z...4.
0480   92 00 00 10 33 00 AC 00 00 10 32 00 C7 00 00 10    ....3.....2.....
0490   6D 75 73 69 63 5F 6B 61 72 65 6C 69 61 5F 6C 6F    music_karelia_lo
04A0   61 64 69 6E 67 5F 73 63 72 65 65 6E 6D 75 73 69    ading_screenmusi
04B0   63 5F 6B 61 72 65 6C 69 61 5F 64 72 6F 6E 5F 69    c_karelia_dron_i
04C0   6E 74 65 6E 73 69 76 65 6D 75 73 69 63 5F 6B 61    ntensivemusic_ka
04D0   72 65 6C 69 61 5F 64 72 6F 6E 5F 72 65 6C 61 78    relia_dron_relax
04E0   65 64 6D 75 73 69 63 5F 64 72 6F 6E 5F 73 74 6F    edmusic_dron_sto
04F0   70 6D 75 73 69 63 5F 64 72 6F 6E 5F 65 6E 64 62    pmusic_dron_endb
0500   61 74 74 6C 65 5F 73 74 6F 70 6D 75 73 69 63 5F    attle_stopmusic_
0510   6B 61 72 65 6C 69 61 5F 72 65 73 75 6C 74 5F 77    karelia_result_w
0520   69 6E 6D 75 73 69 63 5F 6B 61 72 65 6C 69 61 5F    inmusic_karelia_
0530   72 65 73 75 6C 74 5F 64 72 61 77 6E 6D 75 73 69    result_drawnmusi
0540   63 5F 6B 61 72 65 6C 69 61 5F 72 65 73 75 6C 74    c_karelia_result
0550   5F 64 65 66 65 61 74 61 6D 62 69 65 6E 74 5F 77    _defeatambient_w
0560   69 6E 64 5F 61 75 74 75 6D 6E 5F 30 31 01 00 00    ind_autumn_01...
0570   00 00 10 13 00 7C 00 00 00 03 00 00 00 00 10 02    .....|..........
0580   00 1C 00 00 00 02 00 40 00 00 00 02 00 64 00 00    .......@.....d..
0590   00 01 00 00 00 00 10 19 00 10 00 00 10 65 6E 76    .............env
05A0   5F 4D 6F 75 6E 74 61 69 6E 2E 62 6E 6B 01 00 00    _Mountain.bnk...
05B0   00 00 10 19 00 18 00 00 10 64 65 73 74 72 75 63    .........destruc
05C0   74 69 62 6C 65 5F 6F 62 6A 65 63 74 73 2E 62 6E    tible_objects.bn
05D0   6B 01 00 00 00 00 10 19 00 18 00 00 10 64 65 73    k............des
05E0   74 72 75 63 74 69 62 6C 65 5F 6F 62 6A 65 63 74    tructible_object
05F0   73 2E 70 63 6B 01 03 00 00 00 00 10 26 00 00 00    s.pck.......&...
0600   00 20 0B 00 00 00 00 20 0C 00 00 00 00 20 04 00    . ..... ..... ..
0610   00 00 00 10 07 00 46 00 00 00 09 00 9A 00 00 00    ......F.........
0620   01 00 1B 01 00 00 15 00 61 01 00 00 01 00 00 00    ........a.......
0630   00 10 24 00 3A 00 00 00 02 00 00 00 00 10 22 00    ..$.:.........".
0640   14 00 00 00 23 00 28 00 00 00 01 00 00 00 00 10    ....#.(.........
0650   1C 00 08 00 00 30 15 C3 C6 43 57 4E C9 43 01 00    .....0...CWN.C..
0660   00 00 00 10 1C 00 08 00 00 30 90 AB C8 C3 CD FC    .........0......
0670   C7 C3 02 00 00 00 00 10 25 00 3A 00 00 00 06 00    ........%.:.....
0680   42 00 00 30 02 00 00 00 00 10 22 00 14 00 00 00    B..0......".....
0690   23 00 28 00 00 00 01 00 00 00 00 10 1B 00 08 00    #.(.............
06A0   00 30 23 1B 9E 43 25 06 85 43 01 00 00 00 00 10    .0#..C%..C......
06B0   1B 00 08 00 00 30 1D EA 8D C3 9C 54 BA C3 90 0E    .....0.....T....
06C0   8E C3 9C 41 63 43 03 00 00 00 00 10 2C 00 01 00    ...AcC......,...
06D0   00 20 25 00 43 00 00 00 24 00 69 00 00 00 01 02    . %.C...$.i.....
06E0   00 00 00 00 10 22 00 00 00 00 10 23 00 30 00 00    .....".....#.0..
06F0   00 03 00 00 00 00 10 1B 00 08 00 00 30 1B 00 10    ............0...
0700   00 00 30 1B 00 18 00 00 30 4E E2 36 42 46 76 D4    ..0.....0N.6BFv.
0710   C3 02 8B 8F 43 DF FF 87 C3 21 20 E0 43 A2 45 17    ....C....! .C.E.
0720   C2 02 00 00 00 00 10 22 00 14 00 00 00 23 00 14    .......".....#..
0730   00 00 10 01 00 00 00 00 10 1C 00 08 00 00 30 6A    ..............0j
0740   60 8B C3 07 44 55 43 01 00 00 00 00 10 24 00 3A    `...DUC......$.:
0750   00 00 00 02 00 00 00 00 10 22 00 14 00 00 00 23    .........".....#
0760   00 28 00 00 00 01 00 00 00 00 10 1C 00 08 00 00    .(..............
0770   30 15 C3 C6 43 57 4E C9 43 01 00 00 00 00 10 1C    0...CWN.C.......
0780   00 08 00 00 30 90 AB C8 C3 CD FC C7 C3 02 00 00    ....0...........
0790   00 00 10 2A 00 65 00 00 00 2A 00 CA 00 00 00 07    ...*.e...*......
07A0   00 00 00 00 10 00 00 01 00 00 20 1E 00 15 00 00    .......... .....
07B0   10 1B 00 21 00 00 30 37 00 25 00 00 30 1D 00 29    ...!..07.%..0..)
07C0   00 00 30 21 00 31 00 00 30 0F 00 35 00 00 30 03    ..0!.1..0..5..0.
07D0   6B 61 72 65 6C 69 61 5F 6C 69 67 68 74 6E 69 6E    karelia_lightnin
07E0   67 5F 30 31 00 00 00 00 00 00 00 00 00 00 00 00    g_01............
07F0   00 00 00 00 00 00 80 3F 00 00 00 00 00 00 00 00    .......?........
0800   00 00 C8 42 07 00 00 00 00 10 00 00 01 00 00 20    ...B........... 
0810   1E 00 15 00 00 10 1B 00 21 00 00 30 37 00 25 00    ........!..07.%.
0820   00 30 1D 00 29 00 00 30 21 00 31 00 00 30 0F 00    .0..)..0!.1..0..
0830   35 00 00 30 03 6B 61 72 65 6C 69 61 5F 6C 69 67    5..0.karelia_lig
0840   68 74 6E 69 6E 67 5F 30 32 00 00 00 00 00 00 00    htning_02.......
0850   00 00 00 00 00 00 00 00 00 00 00 80 3F 00 00 F0    ............?...
0860   41 00 00 F0 41 00 00 DC 42                         A...A...B